0.625 0.041666668 0.041666668 0.0625 0.03125 0.125 0.0
0.041666668 0.6666667 0.11111112 0.083333336 0.083333336 0.0 0.16666667
0.041666668 0.11111112 0.6666667 0.16666667 0.083333336 0.16666667 0.16666667
0.0625 0.083333336 0.16666667 0.75 0.0625 0.25 0.25
0.03125 0.083333336 0.083333336 0.0625 0.625 0.0 0.125
0.125 0.0 0.16666667 0.25 0.0 1.0 0.0
0.0 0.16666667 0.16666667 0.25 0.125 0.0 1.0
